     1       5.385e-01   
     2       -4.592e-02  
     3       8.785e-03   
     4       -1.673e-03  
     5       3.187e-04   
     6       -6.071e-05  
     7       1.156e-05   
     8       -2.203e-06  
     9       4.195e-07   
Iter number  error       
     1       -5.868e-01  
     2       8.330e-02   
     3       3.414e-03   
     4       4.875e-05   
     5       6.422e-07   
Iter number  error       
     1       1.296e+00   
     2       1.994e-01   
     3       4.991e-03   
     4       3.115e-06   
     5       1.213e-12   
Iter number  error       
     1       5.500e+00   
     2       4.441e-15   
Iter number  error       
